
--------------------------------------------------

SVM (1-gram)

--------------------------------------------------
Accuracy: 0.4
                       precision    recall  f1-score   support

          APT18-G0026       1.00      1.00      1.00         1
          APT37-G0067       0.00      0.00      0.00         1
          APT38-G0082       0.00      0.00      0.00         1
     BlackOasis-G0063       0.50      1.00      0.67         1
      BlackTech-G0098       0.00      0.00      0.00         1
    CobaltGroup-G0080       0.00      0.00      0.00         1
    GorgonGroup-G0078       1.00      1.00      1.00         1
        Kimsuky-G0094       0.00      0.00      0.00         1
   LazarusGroup-G0032       0.00      0.00      0.00         1
     MagicHound-G0059       0.20      1.00      0.33         1
       MoleRats-G0021       1.00      1.00      1.00         1
     MuddyWater-G0069       0.00      0.00      0.00         1
         OilRig-G0049       0.00      0.00      0.00         1
     PittyTiger-G0011       1.00      1.00      1.00         1
   ScarletMimic-G0029       0.00      0.00      0.00         1
        Silence-G0091       0.00      0.00      0.00         1
  SilverTerrier-G0083       0.00      0.00      0.00         1
         SowBug-G0054       1.00      1.00      1.00         1
   StolenPencil-G0086       0.00      0.00      0.00         1
        Suckfly-G0039       0.00      0.00      0.00         1
          TA459-G0062       1.00      1.00      1.00         1
ThreatGroup3390-G0027       0.00      0.00      0.00         1
          Turla-G0010       1.00      1.00      1.00         1
          WIRTE-G0090       0.50      1.00      0.67         1
    WinntiGroup-G0044       0.00      0.00      0.00         1

             accuracy                           0.40        25
            macro avg       0.33      0.40      0.35        25
         weighted avg       0.33      0.40      0.35        25

Confusion Matrix:
[[1 0 0 0 0 0 0 0 0 0 0 0 0 0 0 0 0 0 0 0 0 0 0 0 0]
 [0 0 0 0 0 0 0 0 0 0 0 0 0 0 0 0 1 0 0 0 0 0 0 0 0]
 [0 0 0 0 1 0 0 0 0 0 0 0 0 0 0 0 0 0 0 0 0 0 0 0 0]
 [0 0 0 1 0 0 0 0 0 0 0 0 0 0 0 0 0 0 0 0 0 0 0 0 0]
 [0 0 0 1 0 0 0 0 0 0 0 0 0 0 0 0 0 0 0 0 0 0 0 0 0]
 [0 0 0 0 0 0 0 0 0 0 0 1 0 0 0 0 0 0 0 0 0 0 0 0 0]
 [0 0 0 0 0 0 1 0 0 0 0 0 0 0 0 0 0 0 0 0 0 0 0 0 0]
 [0 0 0 0 0 0 0 0 0 1 0 0 0 0 0 0 0 0 0 0 0 0 0 0 0]
 [0 0 0 0 0 0 0 0 0 1 0 0 0 0 0 0 0 0 0 0 0 0 0 0 0]
 [0 0 0 0 0 0 0 0 0 1 0 0 0 0 0 0 0 0 0 0 0 0 0 0 0]
 [0 0 0 0 0 0 0 0 0 0 1 0 0 0 0 0 0 0 0 0 0 0 0 0 0]
 [0 1 0 0 0 0 0 0 0 0 0 0 0 0 0 0 0 0 0 0 0 0 0 0 0]
 [0 0 0 0 0 1 0 0 0 0 0 0 0 0 0 0 0 0 0 0 0 0 0 0 0]
 [0 0 0 0 0 0 0 0 0 0 0 0 0 1 0 0 0 0 0 0 0 0 0 0 0]
 [0 0 0 0 0 0 0 0 0 1 0 0 0 0 0 0 0 0 0 0 0 0 0 0 0]
 [0 0 0 0 0 0 0 0 0 1 0 0 0 0 0 0 0 0 0 0 0 0 0 0 0]
 [0 0 0 0 0 0 0 1 0 0 0 0 0 0 0 0 0 0 0 0 0 0 0 0 0]
 [0 0 0 0 0 0 0 0 0 0 0 0 0 0 0 0 0 1 0 0 0 0 0 0 0]
 [0 0 0 0 0 0 0 0 0 0 0 0 0 0 1 0 0 0 0 0 0 0 0 0 0]
 [0 0 0 0 0 0 0 0 0 0 0 0 0 0 1 0 0 0 0 0 0 0 0 0 0]
 [0 0 0 0 0 0 0 0 0 0 0 0 0 0 0 0 0 0 0 0 1 0 0 0 0]
 [0 0 0 0 0 0 0 0 0 0 0 0 0 0 0 0 0 0 0 0 0 0 0 1 0]
 [0 0 0 0 0 0 0 0 0 0 0 0 0 0 0 0 0 0 0 0 0 0 1 0 0]
 [0 0 0 0 0 0 0 0 0 0 0 0 0 0 0 0 0 0 0 0 0 0 0 1 0]
 [0 0 0 0 0 0 0 1 0 0 0 0 0 0 0 0 0 0 0 0 0 0 0 0 0]]

--------------------------------------------------

KNN3 (1-gram)

--------------------------------------------------
Accuracy: 0.08
                       precision    recall  f1-score   support

          APT18-G0026       0.20      1.00      0.33         1
          APT37-G0067       0.00      0.00      0.00         1
          APT38-G0082       0.00      0.00      0.00         1
     BlackOasis-G0063       0.00      0.00      0.00         1
      BlackTech-G0098       0.00      0.00      0.00         1
    CobaltGroup-G0080       0.00      0.00      0.00         1
    GorgonGroup-G0078       1.00      1.00      1.00         1
        Kimsuky-G0094       0.00      0.00      0.00         1
   LazarusGroup-G0032       0.00      0.00      0.00         1
     MagicHound-G0059       0.00      0.00      0.00         1
       MoleRats-G0021       0.00      0.00      0.00         1
     MuddyWater-G0069       0.00      0.00      0.00         1
         OilRig-G0049       0.00      0.00      0.00         1
     PittyTiger-G0011       0.00      0.00      0.00         1
   ScarletMimic-G0029       0.00      0.00      0.00         1
        Silence-G0091       0.00      0.00      0.00         1
  SilverTerrier-G0083       0.00      0.00      0.00         1
         SowBug-G0054       0.00      0.00      0.00         1
   StolenPencil-G0086       0.00      0.00      0.00         1
        Suckfly-G0039       0.00      0.00      0.00         1
          TA459-G0062       0.00      0.00      0.00         1
ThreatGroup3390-G0027       0.00      0.00      0.00         1
          Turla-G0010       0.00      0.00      0.00         1
          WIRTE-G0090       0.00      0.00      0.00         1
    WinntiGroup-G0044       0.00      0.00      0.00         1

             accuracy                           0.08        25
            macro avg       0.05      0.08      0.05        25
         weighted avg       0.05      0.08      0.05        25

Confusion Matrix:
[[1 0 0 0 0 0 0 0 0 0 0 0 0 0 0 0 0 0 0 0 0 0 0 0 0]
 [0 0 0 0 0 0 0 0 0 0 0 0 0 0 0 0 1 0 0 0 0 0 0 0 0]
 [1 0 0 0 0 0 0 0 0 0 0 0 0 0 0 0 0 0 0 0 0 0 0 0 0]
 [0 0 1 0 0 0 0 0 0 0 0 0 0 0 0 0 0 0 0 0 0 0 0 0 0]
 [0 0 1 0 0 0 0 0 0 0 0 0 0 0 0 0 0 0 0 0 0 0 0 0 0]
 [0 0 0 1 0 0 0 0 0 0 0 0 0 0 0 0 0 0 0 0 0 0 0 0 0]
 [0 0 0 0 0 0 1 0 0 0 0 0 0 0 0 0 0 0 0 0 0 0 0 0 0]
 [0 0 0 0 0 0 0 0 0 1 0 0 0 0 0 0 0 0 0 0 0 0 0 0 0]
 [0 1 0 0 0 0 0 0 0 0 0 0 0 0 0 0 0 0 0 0 0 0 0 0 0]
 [0 0 0 0 0 0 0 0 0 0 0 0 0 0 0 0 1 0 0 0 0 0 0 0 0]
 [1 0 0 0 0 0 0 0 0 0 0 0 0 0 0 0 0 0 0 0 0 0 0 0 0]
 [0 1 0 0 0 0 0 0 0 0 0 0 0 0 0 0 0 0 0 0 0 0 0 0 0]
 [0 0 0 0 0 1 0 0 0 0 0 0 0 0 0 0 0 0 0 0 0 0 0 0 0]
 [0 0 0 0 0 0 0 0 0 0 0 0 0 0 0 0 1 0 0 0 0 0 0 0 0]
 [0 0 0 0 0 0 0 0 0 1 0 0 0 0 0 0 0 0 0 0 0 0 0 0 0]
 [0 0 0 0 0 0 0 0 0 0 0 0 0 0 0 0 1 0 0 0 0 0 0 0 0]
 [0 0 0 0 0 0 0 1 0 0 0 0 0 0 0 0 0 0 0 0 0 0 0 0 0]
 [0 0 0 0 0 0 0 0 0 0 1 0 0 0 0 0 0 0 0 0 0 0 0 0 0]
 [1 0 0 0 0 0 0 0 0 0 0 0 0 0 0 0 0 0 0 0 0 0 0 0 0]
 [1 0 0 0 0 0 0 0 0 0 0 0 0 0 0 0 0 0 0 0 0 0 0 0 0]
 [0 0 0 0 0 1 0 0 0 0 0 0 0 0 0 0 0 0 0 0 0 0 0 0 0]
 [0 0 0 0 0 0 0 0 1 0 0 0 0 0 0 0 0 0 0 0 0 0 0 0 0]
 [0 0 0 0 0 0 0 0 1 0 0 0 0 0 0 0 0 0 0 0 0 0 0 0 0]
 [0 0 0 0 0 0 0 0 1 0 0 0 0 0 0 0 0 0 0 0 0 0 0 0 0]
 [0 0 0 0 0 0 0 1 0 0 0 0 0 0 0 0 0 0 0 0 0 0 0 0 0]]

--------------------------------------------------

KNN4 (1-gram)

--------------------------------------------------
Accuracy: 0.08
                       precision    recall  f1-score   support

          APT18-G0026       0.17      1.00      0.29         1
          APT37-G0067       0.00      0.00      0.00         1
          APT38-G0082       0.00      0.00      0.00         1
     BlackOasis-G0063       0.00      0.00      0.00         1
      BlackTech-G0098       0.00      0.00      0.00         1
    CobaltGroup-G0080       0.00      0.00      0.00         1
    GorgonGroup-G0078       1.00      1.00      1.00         1
        Kimsuky-G0094       0.00      0.00      0.00         1
   LazarusGroup-G0032       0.00      0.00      0.00         1
     MagicHound-G0059       0.00      0.00      0.00         1
       MoleRats-G0021       0.00      0.00      0.00         1
     MuddyWater-G0069       0.00      0.00      0.00         1
         OilRig-G0049       0.00      0.00      0.00         1
     PittyTiger-G0011       0.00      0.00      0.00         1
   ScarletMimic-G0029       0.00      0.00      0.00         1
        Silence-G0091       0.00      0.00      0.00         1
  SilverTerrier-G0083       0.00      0.00      0.00         1
         SowBug-G0054       0.00      0.00      0.00         1
   StolenPencil-G0086       0.00      0.00      0.00         1
        Suckfly-G0039       0.00      0.00      0.00         1
          TA459-G0062       0.00      0.00      0.00         1
ThreatGroup3390-G0027       0.00      0.00      0.00         1
          Turla-G0010       0.00      0.00      0.00         1
          WIRTE-G0090       0.00      0.00      0.00         1
    WinntiGroup-G0044       0.00      0.00      0.00         1

             accuracy                           0.08        25
            macro avg       0.05      0.08      0.05        25
         weighted avg       0.05      0.08      0.05        25

Confusion Matrix:
[[1 0 0 0 0 0 0 0 0 0 0 0 0 0 0 0 0 0 0 0 0 0 0 0 0]
 [0 0 0 0 0 0 0 0 0 0 0 0 0 0 0 0 1 0 0 0 0 0 0 0 0]
 [1 0 0 0 0 0 0 0 0 0 0 0 0 0 0 0 0 0 0 0 0 0 0 0 0]
 [0 0 1 0 0 0 0 0 0 0 0 0 0 0 0 0 0 0 0 0 0 0 0 0 0]
 [0 0 1 0 0 0 0 0 0 0 0 0 0 0 0 0 0 0 0 0 0 0 0 0 0]
 [0 0 1 0 0 0 0 0 0 0 0 0 0 0 0 0 0 0 0 0 0 0 0 0 0]
 [0 0 0 0 0 0 1 0 0 0 0 0 0 0 0 0 0 0 0 0 0 0 0 0 0]
 [0 1 0 0 0 0 0 0 0 0 0 0 0 0 0 0 0 0 0 0 0 0 0 0 0]
 [0 0 0 0 0 0 0 0 0 0 0 0 0 0 0 0 1 0 0 0 0 0 0 0 0]
 [0 0 0 0 0 0 0 0 0 0 0 0 0 0 0 0 1 0 0 0 0 0 0 0 0]
 [1 0 0 0 0 0 0 0 0 0 0 0 0 0 0 0 0 0 0 0 0 0 0 0 0]
 [0 1 0 0 0 0 0 0 0 0 0 0 0 0 0 0 0 0 0 0 0 0 0 0 0]
 [0 0 0 0 0 1 0 0 0 0 0 0 0 0 0 0 0 0 0 0 0 0 0 0 0]
 [0 0 0 0 0 0 0 0 0 0 0 0 0 0 0 0 1 0 0 0 0 0 0 0 0]
 [0 1 0 0 0 0 0 0 0 0 0 0 0 0 0 0 0 0 0 0 0 0 0 0 0]
 [0 0 0 0 0 0 0 0 0 0 0 0 0 0 0 0 1 0 0 0 0 0 0 0 0]
 [0 0 0 0 0 0 0 1 0 0 0 0 0 0 0 0 0 0 0 0 0 0 0 0 0]
 [1 0 0 0 0 0 0 0 0 0 0 0 0 0 0 0 0 0 0 0 0 0 0 0 0]
 [1 0 0 0 0 0 0 0 0 0 0 0 0 0 0 0 0 0 0 0 0 0 0 0 0]
 [1 0 0 0 0 0 0 0 0 0 0 0 0 0 0 0 0 0 0 0 0 0 0 0 0]
 [0 0 0 0 0 1 0 0 0 0 0 0 0 0 0 0 0 0 0 0 0 0 0 0 0]
 [0 0 0 0 0 0 0 0 1 0 0 0 0 0 0 0 0 0 0 0 0 0 0 0 0]
 [0 0 0 0 0 0 0 0 1 0 0 0 0 0 0 0 0 0 0 0 0 0 0 0 0]
 [0 0 0 0 0 0 0 0 1 0 0 0 0 0 0 0 0 0 0 0 0 0 0 0 0]
 [0 0 0 0 0 0 0 1 0 0 0 0 0 0 0 0 0 0 0 0 0 0 0 0 0]]

--------------------------------------------------

KNN5 (1-gram)

--------------------------------------------------
Accuracy: 0.08
                       precision    recall  f1-score   support

          APT18-G0026       0.17      1.00      0.29         1
          APT37-G0067       0.00      0.00      0.00         1
          APT38-G0082       0.00      0.00      0.00         1
     BlackOasis-G0063       0.00      0.00      0.00         1
      BlackTech-G0098       0.00      0.00      0.00         1
    CobaltGroup-G0080       0.00      0.00      0.00         1
    GorgonGroup-G0078       1.00      1.00      1.00         1
        Kimsuky-G0094       0.00      0.00      0.00         1
   LazarusGroup-G0032       0.00      0.00      0.00         1
     MagicHound-G0059       0.00      0.00      0.00         1
       MoleRats-G0021       0.00      0.00      0.00         1
     MuddyWater-G0069       0.00      0.00      0.00         1
         OilRig-G0049       0.00      0.00      0.00         1
     PittyTiger-G0011       0.00      0.00      0.00         1
   ScarletMimic-G0029       0.00      0.00      0.00         1
        Silence-G0091       0.00      0.00      0.00         1
  SilverTerrier-G0083       0.00      0.00      0.00         1
         SowBug-G0054       0.00      0.00      0.00         1
   StolenPencil-G0086       0.00      0.00      0.00         1
        Suckfly-G0039       0.00      0.00      0.00         1
          TA459-G0062       0.00      0.00      0.00         1
ThreatGroup3390-G0027       0.00      0.00      0.00         1
          Turla-G0010       0.00      0.00      0.00         1
          WIRTE-G0090       0.00      0.00      0.00         1
    WinntiGroup-G0044       0.00      0.00      0.00         1

             accuracy                           0.08        25
            macro avg       0.05      0.08      0.05        25
         weighted avg       0.05      0.08      0.05        25

Confusion Matrix:
[[1 0 0 0 0 0 0 0 0 0 0 0 0 0 0 0 0 0 0 0 0 0 0 0 0]
 [0 0 0 0 0 0 0 0 0 0 0 0 0 0 0 0 1 0 0 0 0 0 0 0 0]
 [1 0 0 0 0 0 0 0 0 0 0 0 0 0 0 0 0 0 0 0 0 0 0 0 0]
 [0 0 0 0 0 1 0 0 0 0 0 0 0 0 0 0 0 0 0 0 0 0 0 0 0]
 [0 0 0 0 0 1 0 0 0 0 0 0 0 0 0 0 0 0 0 0 0 0 0 0 0]
 [0 0 1 0 0 0 0 0 0 0 0 0 0 0 0 0 0 0 0 0 0 0 0 0 0]
 [0 0 0 0 0 0 1 0 0 0 0 0 0 0 0 0 0 0 0 0 0 0 0 0 0]
 [0 0 0 0 0 0 0 0 0 0 0 0 0 0 0 0 1 0 0 0 0 0 0 0 0]
 [0 0 0 0 0 0 0 0 0 0 0 0 0 0 0 0 1 0 0 0 0 0 0 0 0]
 [0 0 0 0 0 0 0 0 0 0 0 0 0 0 0 0 1 0 0 0 0 0 0 0 0]
 [1 0 0 0 0 0 0 0 0 0 0 0 0 0 0 0 0 0 0 0 0 0 0 0 0]
 [0 1 0 0 0 0 0 0 0 0 0 0 0 0 0 0 0 0 0 0 0 0 0 0 0]
 [0 0 0 0 0 1 0 0 0 0 0 0 0 0 0 0 0 0 0 0 0 0 0 0 0]
 [0 0 0 0 0 0 0 0 0 0 0 0 0 0 0 0 1 0 0 0 0 0 0 0 0]
 [0 0 0 0 0 0 0 0 0 0 0 0 0 0 0 0 1 0 0 0 0 0 0 0 0]
 [0 0 0 0 0 0 0 0 0 0 0 0 0 0 0 0 1 0 0 0 0 0 0 0 0]
 [0 0 0 0 0 0 0 1 0 0 0 0 0 0 0 0 0 0 0 0 0 0 0 0 0]
 [1 0 0 0 0 0 0 0 0 0 0 0 0 0 0 0 0 0 0 0 0 0 0 0 0]
 [1 0 0 0 0 0 0 0 0 0 0 0 0 0 0 0 0 0 0 0 0 0 0 0 0]
 [1 0 0 0 0 0 0 0 0 0 0 0 0 0 0 0 0 0 0 0 0 0 0 0 0]
 [0 0 0 0 0 1 0 0 0 0 0 0 0 0 0 0 0 0 0 0 0 0 0 0 0]
 [0 0 0 0 0 0 0 0 1 0 0 0 0 0 0 0 0 0 0 0 0 0 0 0 0]
 [0 0 0 0 0 0 0 0 1 0 0 0 0 0 0 0 0 0 0 0 0 0 0 0 0]
 [0 0 0 0 0 0 0 0 1 0 0 0 0 0 0 0 0 0 0 0 0 0 0 0 0]
 [0 0 0 0 0 1 0 0 0 0 0 0 0 0 0 0 0 0 0 0 0 0 0 0 0]]

--------------------------------------------------

DecisionTree (1-gram)

--------------------------------------------------
Accuracy: 0.48
                       precision    recall  f1-score   support

          APT18-G0026       1.00      1.00      1.00         1
          APT37-G0067       0.25      1.00      0.40         1
          APT38-G0082       0.00      0.00      0.00         1
     BlackOasis-G0063       1.00      1.00      1.00         1
      BlackTech-G0098       0.00      0.00      0.00         1
    CobaltGroup-G0080       0.00      0.00      0.00         1
    GorgonGroup-G0078       1.00      1.00      1.00         1
        Kimsuky-G0094       0.00      0.00      0.00         1
   LazarusGroup-G0032       0.00      0.00      0.00         1
     MagicHound-G0059       1.00      1.00      1.00         1
       MoleRats-G0021       1.00      1.00      1.00         1
     MuddyWater-G0069       0.00      0.00      0.00         1
         OilRig-G0049       0.00      0.00      0.00         1
     PittyTiger-G0011       0.33      1.00      0.50         1
   ScarletMimic-G0029       0.00      0.00      0.00         1
        Silence-G0091       0.00      0.00      0.00         1
  SilverTerrier-G0083       0.25      1.00      0.40         1
         SowBug-G0054       1.00      1.00      1.00         1
   StolenPencil-G0086       0.00      0.00      0.00         1
        Suckfly-G0039       0.00      0.00      0.00         1
          TA459-G0062       0.50      1.00      0.67         1
ThreatGroup3390-G0027       0.00      0.00      0.00         1
          Turla-G0010       0.50      1.00      0.67         1
          WIRTE-G0090       1.00      1.00      1.00         1
    WinntiGroup-G0044       0.00      0.00      0.00         1

             accuracy                           0.48        25
            macro avg       0.35      0.48      0.39        25
         weighted avg       0.35      0.48      0.39        25

Confusion Matrix:
[[1 0 0 0 0 0 0 0 0 0 0 0 0 0 0 0 0 0 0 0 0 0 0 0 0]
 [0 1 0 0 0 0 0 0 0 0 0 0 0 0 0 0 0 0 0 0 0 0 0 0 0]
 [0 0 0 0 1 0 0 0 0 0 0 0 0 0 0 0 0 0 0 0 0 0 0 0 0]
 [0 0 0 1 0 0 0 0 0 0 0 0 0 0 0 0 0 0 0 0 0 0 0 0 0]
 [0 0 0 0 0 0 0 0 0 0 0 0 0 0 0 0 0 0 0 0 0 0 0 0 1]
 [0 0 0 0 0 0 0 0 0 0 0 0 0 0 0 0 1 0 0 0 0 0 0 0 0]
 [0 0 0 0 0 0 1 0 0 0 0 0 0 0 0 0 0 0 0 0 0 0 0 0 0]
 [0 0 0 0 0 0 0 0 0 0 0 0 0 0 0 0 1 0 0 0 0 0 0 0 0]
 [0 0 0 0 0 0 0 0 0 0 0 0 0 1 0 0 0 0 0 0 0 0 0 0 0]
 [0 0 0 0 0 0 0 0 0 1 0 0 0 0 0 0 0 0 0 0 0 0 0 0 0]
 [0 0 0 0 0 0 0 0 0 0 1 0 0 0 0 0 0 0 0 0 0 0 0 0 0]
 [0 1 0 0 0 0 0 0 0 0 0 0 0 0 0 0 0 0 0 0 0 0 0 0 0]
 [0 0 0 0 0 0 0 0 0 0 0 0 0 0 0 0 0 0 0 0 1 0 0 0 0]
 [0 0 0 0 0 0 0 0 0 0 0 0 0 1 0 0 0 0 0 0 0 0 0 0 0]
 [0 0 0 0 0 0 0 0 0 0 0 0 0 1 0 0 0 0 0 0 0 0 0 0 0]
 [0 1 0 0 0 0 0 0 0 0 0 0 0 0 0 0 0 0 0 0 0 0 0 0 0]
 [0 0 0 0 0 0 0 0 0 0 0 0 0 0 0 0 1 0 0 0 0 0 0 0 0]
 [0 0 0 0 0 0 0 0 0 0 0 0 0 0 0 0 0 1 0 0 0 0 0 0 0]
 [0 0 0 0 0 0 0 0 0 0 0 0 0 0 0 0 0 0 0 0 0 1 0 0 0]
 [0 1 0 0 0 0 0 0 0 0 0 0 0 0 0 0 0 0 0 0 0 0 0 0 0]
 [0 0 0 0 0 0 0 0 0 0 0 0 0 0 0 0 0 0 0 0 1 0 0 0 0]
 [0 0 0 0 0 0 0 0 0 0 0 0 0 0 0 0 0 0 0 0 0 0 1 0 0]
 [0 0 0 0 0 0 0 0 0 0 0 0 0 0 0 0 0 0 0 0 0 0 1 0 0]
 [0 0 0 0 0 0 0 0 0 0 0 0 0 0 0 0 0 0 0 0 0 0 0 1 0]
 [0 0 0 0 0 0 0 0 0 0 0 0 0 0 0 0 1 0 0 0 0 0 0 0 0]]

--------------------------------------------------

SVM (2-gram)

--------------------------------------------------
Accuracy: 0.44
                       precision    recall  f1-score   support

          APT18-G0026       0.50      1.00      0.67         1
          APT37-G0067       0.00      0.00      0.00         1
          APT38-G0082       0.00      0.00      0.00         1
     BlackOasis-G0063       0.50      1.00      0.67         1
      BlackTech-G0098       0.00      0.00      0.00         1
    CobaltGroup-G0080       0.00      0.00      0.00         1
    GorgonGroup-G0078       1.00      1.00      1.00         1
        Kimsuky-G0094       0.00      0.00      0.00         1
   LazarusGroup-G0032       0.00      0.00      0.00         1
     MagicHound-G0059       0.25      1.00      0.40         1
       MoleRats-G0021       1.00      1.00      1.00         1
     MuddyWater-G0069       0.00      0.00      0.00         1
         OilRig-G0049       0.00      0.00      0.00         1
     PittyTiger-G0011       1.00      1.00      1.00         1
   ScarletMimic-G0029       0.00      0.00      0.00         1
        Silence-G0091       0.00      0.00      0.00         1
  SilverTerrier-G0083       0.00      0.00      0.00         1
         SowBug-G0054       1.00      1.00      1.00         1
   StolenPencil-G0086       0.00      0.00      0.00         1
        Suckfly-G0039       0.00      0.00      0.00         1
          TA459-G0062       1.00      1.00      1.00         1
ThreatGroup3390-G0027       0.00      0.00      0.00         1
          Turla-G0010       0.50      1.00      0.67         1
          WIRTE-G0090       1.00      1.00      1.00         1
    WinntiGroup-G0044       0.50      1.00      0.67         1

             accuracy                           0.44        25
            macro avg       0.33      0.44      0.36        25
         weighted avg       0.33      0.44      0.36        25

Confusion Matrix:
[[1 0 0 0 0 0 0 0 0 0 0 0 0 0 0 0 0 0 0 0 0 0 0 0 0]
 [0 0 0 1 0 0 0 0 0 0 0 0 0 0 0 0 0 0 0 0 0 0 0 0 0]
 [0 0 0 0 1 0 0 0 0 0 0 0 0 0 0 0 0 0 0 0 0 0 0 0 0]
 [0 0 0 1 0 0 0 0 0 0 0 0 0 0 0 0 0 0 0 0 0 0 0 0 0]
 [0 0 1 0 0 0 0 0 0 0 0 0 0 0 0 0 0 0 0 0 0 0 0 0 0]
 [0 0 0 0 0 0 0 0 0 0 0 1 0 0 0 0 0 0 0 0 0 0 0 0 0]
 [0 0 0 0 0 0 1 0 0 0 0 0 0 0 0 0 0 0 0 0 0 0 0 0 0]
 [0 0 0 0 0 0 0 0 0 1 0 0 0 0 0 0 0 0 0 0 0 0 0 0 0]
 [0 0 0 0 0 0 0 0 0 0 0 0 0 0 0 0 1 0 0 0 0 0 0 0 0]
 [0 0 0 0 0 0 0 0 0 1 0 0 0 0 0 0 0 0 0 0 0 0 0 0 0]
 [0 0 0 0 0 0 0 0 0 0 1 0 0 0 0 0 0 0 0 0 0 0 0 0 0]
 [0 1 0 0 0 0 0 0 0 0 0 0 0 0 0 0 0 0 0 0 0 0 0 0 0]
 [0 0 0 0 0 1 0 0 0 0 0 0 0 0 0 0 0 0 0 0 0 0 0 0 0]
 [0 0 0 0 0 0 0 0 0 0 0 0 0 1 0 0 0 0 0 0 0 0 0 0 0]
 [0 0 0 0 0 0 0 0 0 1 0 0 0 0 0 0 0 0 0 0 0 0 0 0 0]
 [0 0 0 0 0 0 0 0 0 1 0 0 0 0 0 0 0 0 0 0 0 0 0 0 0]
 [0 0 0 0 0 0 0 0 0 0 0 0 0 0 0 0 0 0 0 0 0 0 0 0 1]
 [0 0 0 0 0 0 0 0 0 0 0 0 0 0 0 0 0 1 0 0 0 0 0 0 0]
 [1 0 0 0 0 0 0 0 0 0 0 0 0 0 0 0 0 0 0 0 0 0 0 0 0]
 [0 0 0 0 0 0 0 0 0 0 0 0 0 0 1 0 0 0 0 0 0 0 0 0 0]
 [0 0 0 0 0 0 0 0 0 0 0 0 0 0 0 0 0 0 0 0 1 0 0 0 0]
 [0 0 0 0 0 0 0 0 0 0 0 0 0 0 0 0 0 0 0 0 0 0 1 0 0]
 [0 0 0 0 0 0 0 0 0 0 0 0 0 0 0 0 0 0 0 0 0 0 1 0 0]
 [0 0 0 0 0 0 0 0 0 0 0 0 0 0 0 0 0 0 0 0 0 0 0 1 0]
 [0 0 0 0 0 0 0 0 0 0 0 0 0 0 0 0 0 0 0 0 0 0 0 0 1]]

--------------------------------------------------

KNN3 (2-gram)

--------------------------------------------------
Accuracy: 0.12
                       precision    recall  f1-score   support

          APT18-G0026       0.25      1.00      0.40         1
          APT37-G0067       0.00      0.00      0.00         1
          APT38-G0082       0.00      0.00      0.00         1
     BlackOasis-G0063       0.00      0.00      0.00         1
      BlackTech-G0098       0.00      0.00      0.00         1
    CobaltGroup-G0080       0.00      0.00      0.00         1
    GorgonGroup-G0078       0.33      1.00      0.50         1
        Kimsuky-G0094       0.00      0.00      0.00         1
   LazarusGroup-G0032       0.00      0.00      0.00         1
     MagicHound-G0059       0.00      0.00      0.00         1
       MoleRats-G0021       0.50      1.00      0.67         1
     MuddyWater-G0069       0.00      0.00      0.00         1
         OilRig-G0049       0.00      0.00      0.00         1
     PittyTiger-G0011       0.00      0.00      0.00         1
   ScarletMimic-G0029       0.00      0.00      0.00         1
        Silence-G0091       0.00      0.00      0.00         1
  SilverTerrier-G0083       0.00      0.00      0.00         1
         SowBug-G0054       0.00      0.00      0.00         1
   StolenPencil-G0086       0.00      0.00      0.00         1
        Suckfly-G0039       0.00      0.00      0.00         1
          TA459-G0062       0.00      0.00      0.00         1
ThreatGroup3390-G0027       0.00      0.00      0.00         1
          Turla-G0010       0.00      0.00      0.00         1
          WIRTE-G0090       0.00      0.00      0.00         1
    WinntiGroup-G0044       0.00      0.00      0.00         1

             accuracy                           0.12        25
            macro avg       0.04      0.12      0.06        25
         weighted avg       0.04      0.12      0.06        25

Confusion Matrix:
[[1 0 0 0 0 0 0 0 0 0 0 0 0 0 0 0 0 0 0 0 0 0 0 0 0]
 [0 0 0 0 0 0 0 0 0 0 0 0 0 0 0 0 1 0 0 0 0 0 0 0 0]
 [1 0 0 0 0 0 0 0 0 0 0 0 0 0 0 0 0 0 0 0 0 0 0 0 0]
 [0 0 1 0 0 0 0 0 0 0 0 0 0 0 0 0 0 0 0 0 0 0 0 0 0]
 [0 0 1 0 0 0 0 0 0 0 0 0 0 0 0 0 0 0 0 0 0 0 0 0 0]
 [0 0 0 1 0 0 0 0 0 0 0 0 0 0 0 0 0 0 0 0 0 0 0 0 0]
 [0 0 0 0 0 0 1 0 0 0 0 0 0 0 0 0 0 0 0 0 0 0 0 0 0]
 [0 0 0 0 0 0 0 0 0 0 0 0 0 0 0 0 1 0 0 0 0 0 0 0 0]
 [0 0 0 0 0 0 0 0 0 0 0 0 0 0 0 0 1 0 0 0 0 0 0 0 0]
 [0 0 0 0 0 0 0 0 0 0 0 0 0 0 0 0 1 0 0 0 0 0 0 0 0]
 [0 0 0 0 0 0 0 0 0 0 1 0 0 0 0 0 0 0 0 0 0 0 0 0 0]
 [0 1 0 0 0 0 0 0 0 0 0 0 0 0 0 0 0 0 0 0 0 0 0 0 0]
 [0 0 0 0 0 1 0 0 0 0 0 0 0 0 0 0 0 0 0 0 0 0 0 0 0]
 [0 0 0 1 0 0 0 0 0 0 0 0 0 0 0 0 0 0 0 0 0 0 0 0 0]
 [0 0 0 0 0 0 0 0 0 0 0 0 0 0 0 0 1 0 0 0 0 0 0 0 0]
 [0 0 0 0 0 0 0 0 0 0 0 0 0 0 0 0 1 0 0 0 0 0 0 0 0]
 [0 0 0 0 0 0 1 0 0 0 0 0 0 0 0 0 0 0 0 0 0 0 0 0 0]
 [0 0 0 0 0 0 0 0 0 0 1 0 0 0 0 0 0 0 0 0 0 0 0 0 0]
 [1 0 0 0 0 0 0 0 0 0 0 0 0 0 0 0 0 0 0 0 0 0 0 0 0]
 [1 0 0 0 0 0 0 0 0 0 0 0 0 0 0 0 0 0 0 0 0 0 0 0 0]
 [0 0 0 0 0 1 0 0 0 0 0 0 0 0 0 0 0 0 0 0 0 0 0 0 0]
 [0 0 0 0 0 0 0 0 0 0 0 0 0 0 1 0 0 0 0 0 0 0 0 0 0]
 [0 0 0 0 0 0 0 0 1 0 0 0 0 0 0 0 0 0 0 0 0 0 0 0 0]
 [0 0 0 0 0 0 0 0 0 0 0 0 0 0 1 0 0 0 0 0 0 0 0 0 0]
 [0 0 0 0 0 0 1 0 0 0 0 0 0 0 0 0 0 0 0 0 0 0 0 0 0]]

--------------------------------------------------

KNN4 (2-gram)

--------------------------------------------------
Accuracy: 0.08
                       precision    recall  f1-score   support

          APT18-G0026       0.17      1.00      0.29         1
          APT37-G0067       0.00      0.00      0.00         1
          APT38-G0082       0.00      0.00      0.00         1
     BlackOasis-G0063       0.00      0.00      0.00         1
      BlackTech-G0098       0.00      0.00      0.00         1
    CobaltGroup-G0080       0.00      0.00      0.00         1
    GorgonGroup-G0078       0.33      1.00      0.50         1
        Kimsuky-G0094       0.00      0.00      0.00         1
   LazarusGroup-G0032       0.00      0.00      0.00         1
     MagicHound-G0059       0.00      0.00      0.00         1
       MoleRats-G0021       0.00      0.00      0.00         1
     MuddyWater-G0069       0.00      0.00      0.00         1
         OilRig-G0049       0.00      0.00      0.00         1
     PittyTiger-G0011       0.00      0.00      0.00         1
   ScarletMimic-G0029       0.00      0.00      0.00         1
        Silence-G0091       0.00      0.00      0.00         1
  SilverTerrier-G0083       0.00      0.00      0.00         1
         SowBug-G0054       0.00      0.00      0.00         1
   StolenPencil-G0086       0.00      0.00      0.00         1
        Suckfly-G0039       0.00      0.00      0.00         1
          TA459-G0062       0.00      0.00      0.00         1
ThreatGroup3390-G0027       0.00      0.00      0.00         1
          Turla-G0010       0.00      0.00      0.00         1
          WIRTE-G0090       0.00      0.00      0.00         1
    WinntiGroup-G0044       0.00      0.00      0.00         1

             accuracy                           0.08        25
            macro avg       0.02      0.08      0.03        25
         weighted avg       0.02      0.08      0.03        25

Confusion Matrix:
[[1 0 0 0 0 0 0 0 0 0 0 0 0 0 0 0 0 0 0 0 0 0 0 0 0]
 [0 0 0 0 0 0 0 0 0 0 0 0 0 0 0 0 1 0 0 0 0 0 0 0 0]
 [1 0 0 0 0 0 0 0 0 0 0 0 0 0 0 0 0 0 0 0 0 0 0 0 0]
 [0 0 1 0 0 0 0 0 0 0 0 0 0 0 0 0 0 0 0 0 0 0 0 0 0]
 [0 0 1 0 0 0 0 0 0 0 0 0 0 0 0 0 0 0 0 0 0 0 0 0 0]
 [0 0 1 0 0 0 0 0 0 0 0 0 0 0 0 0 0 0 0 0 0 0 0 0 0]
 [0 0 0 0 0 0 1 0 0 0 0 0 0 0 0 0 0 0 0 0 0 0 0 0 0]
 [0 0 0 0 0 0 0 0 0 0 0 0 0 0 0 0 1 0 0 0 0 0 0 0 0]
 [0 0 0 0 0 0 0 0 0 0 0 0 0 0 0 0 1 0 0 0 0 0 0 0 0]
 [0 0 0 0 0 0 0 0 0 0 0 0 0 0 0 0 1 0 0 0 0 0 0 0 0]
 [1 0 0 0 0 0 0 0 0 0 0 0 0 0 0 0 0 0 0 0 0 0 0 0 0]
 [0 1 0 0 0 0 0 0 0 0 0 0 0 0 0 0 0 0 0 0 0 0 0 0 0]
 [0 0 0 0 0 1 0 0 0 0 0 0 0 0 0 0 0 0 0 0 0 0 0 0 0]
 [0 0 0 1 0 0 0 0 0 0 0 0 0 0 0 0 0 0 0 0 0 0 0 0 0]
 [0 0 0 0 0 0 0 0 0 0 0 0 0 0 0 0 1 0 0 0 0 0 0 0 0]
 [0 0 0 0 0 0 0 0 0 0 0 0 0 0 0 0 1 0 0 0 0 0 0 0 0]
 [0 0 0 0 0 0 1 0 0 0 0 0 0 0 0 0 0 0 0 0 0 0 0 0 0]
 [1 0 0 0 0 0 0 0 0 0 0 0 0 0 0 0 0 0 0 0 0 0 0 0 0]
 [1 0 0 0 0 0 0 0 0 0 0 0 0 0 0 0 0 0 0 0 0 0 0 0 0]
 [1 0 0 0 0 0 0 0 0 0 0 0 0 0 0 0 0 0 0 0 0 0 0 0 0]
 [0 0 0 0 0 1 0 0 0 0 0 0 0 0 0 0 0 0 0 0 0 0 0 0 0]
 [0 0 0 0 0 0 0 0 0 0 0 0 0 0 1 0 0 0 0 0 0 0 0 0 0]
 [0 0 0 0 0 0 0 0 1 0 0 0 0 0 0 0 0 0 0 0 0 0 0 0 0]
 [0 0 0 0 0 0 0 0 0 0 0 0 0 0 1 0 0 0 0 0 0 0 0 0 0]
 [0 0 0 0 0 0 1 0 0 0 0 0 0 0 0 0 0 0 0 0 0 0 0 0 0]]

--------------------------------------------------

KNN5 (2-gram)

--------------------------------------------------
Accuracy: 0.04
                       precision    recall  f1-score   support

          APT18-G0026       0.17      1.00      0.29         1
          APT37-G0067       0.00      0.00      0.00         1
          APT38-G0082       0.00      0.00      0.00         1
     BlackOasis-G0063       0.00      0.00      0.00         1
      BlackTech-G0098       0.00      0.00      0.00         1
    CobaltGroup-G0080       0.00      0.00      0.00         1
    GorgonGroup-G0078       0.00      0.00      0.00         1
        Kimsuky-G0094       0.00      0.00      0.00         1
   LazarusGroup-G0032       0.00      0.00      0.00         1
     MagicHound-G0059       0.00      0.00      0.00         1
       MoleRats-G0021       0.00      0.00      0.00         1
     MuddyWater-G0069       0.00      0.00      0.00         1
         OilRig-G0049       0.00      0.00      0.00         1
     PittyTiger-G0011       0.00      0.00      0.00         1
   ScarletMimic-G0029       0.00      0.00      0.00         1
        Silence-G0091       0.00      0.00      0.00         1
  SilverTerrier-G0083       0.00      0.00      0.00         1
         SowBug-G0054       0.00      0.00      0.00         1
   StolenPencil-G0086       0.00      0.00      0.00         1
        Suckfly-G0039       0.00      0.00      0.00         1
          TA459-G0062       0.00      0.00      0.00         1
ThreatGroup3390-G0027       0.00      0.00      0.00         1
          Turla-G0010       0.00      0.00      0.00         1
          WIRTE-G0090       0.00      0.00      0.00         1
    WinntiGroup-G0044       0.00      0.00      0.00         1

             accuracy                           0.04        25
            macro avg       0.01      0.04      0.01        25
         weighted avg       0.01      0.04      0.01        25

Confusion Matrix:
[[1 0 0 0 0 0 0 0 0 0 0 0 0 0 0 0 0 0 0 0 0 0 0 0 0]
 [0 0 0 0 0 0 0 0 0 0 0 0 0 0 0 0 1 0 0 0 0 0 0 0 0]
 [1 0 0 0 0 0 0 0 0 0 0 0 0 0 0 0 0 0 0 0 0 0 0 0 0]
 [0 0 0 0 0 1 0 0 0 0 0 0 0 0 0 0 0 0 0 0 0 0 0 0 0]
 [0 0 0 0 0 1 0 0 0 0 0 0 0 0 0 0 0 0 0 0 0 0 0 0 0]
 [0 0 1 0 0 0 0 0 0 0 0 0 0 0 0 0 0 0 0 0 0 0 0 0 0]
 [0 0 0 0 0 0 0 0 1 0 0 0 0 0 0 0 0 0 0 0 0 0 0 0 0]
 [0 0 0 0 0 0 0 0 0 0 0 0 0 0 0 0 1 0 0 0 0 0 0 0 0]
 [0 0 0 0 0 0 0 0 0 0 0 0 0 0 0 0 1 0 0 0 0 0 0 0 0]
 [0 0 0 0 0 0 0 0 0 0 0 0 0 0 0 0 1 0 0 0 0 0 0 0 0]
 [1 0 0 0 0 0 0 0 0 0 0 0 0 0 0 0 0 0 0 0 0 0 0 0 0]
 [0 1 0 0 0 0 0 0 0 0 0 0 0 0 0 0 0 0 0 0 0 0 0 0 0]
 [0 0 0 0 0 1 0 0 0 0 0 0 0 0 0 0 0 0 0 0 0 0 0 0 0]
 [0 0 0 0 0 1 0 0 0 0 0 0 0 0 0 0 0 0 0 0 0 0 0 0 0]
 [0 0 0 0 0 0 0 0 0 0 0 0 0 0 0 0 1 0 0 0 0 0 0 0 0]
 [0 0 0 0 0 0 0 0 0 0 0 0 0 0 0 0 1 0 0 0 0 0 0 0 0]
 [0 0 0 0 0 0 1 0 0 0 0 0 0 0 0 0 0 0 0 0 0 0 0 0 0]
 [1 0 0 0 0 0 0 0 0 0 0 0 0 0 0 0 0 0 0 0 0 0 0 0 0]
 [1 0 0 0 0 0 0 0 0 0 0 0 0 0 0 0 0 0 0 0 0 0 0 0 0]
 [1 0 0 0 0 0 0 0 0 0 0 0 0 0 0 0 0 0 0 0 0 0 0 0 0]
 [0 0 0 0 0 1 0 0 0 0 0 0 0 0 0 0 0 0 0 0 0 0 0 0 0]
 [0 0 0 0 0 0 0 0 1 0 0 0 0 0 0 0 0 0 0 0 0 0 0 0 0]
 [0 0 0 0 0 0 0 0 1 0 0 0 0 0 0 0 0 0 0 0 0 0 0 0 0]
 [0 0 0 0 0 0 0 0 0 0 1 0 0 0 0 0 0 0 0 0 0 0 0 0 0]
 [0 0 0 0 0 0 1 0 0 0 0 0 0 0 0 0 0 0 0 0 0 0 0 0 0]]

--------------------------------------------------

DecisionTree (2-gram)

--------------------------------------------------
Accuracy: 0.44
                       precision    recall  f1-score   support

          APT18-G0026       1.00      1.00      1.00         1
          APT37-G0067       0.00      0.00      0.00         1
          APT38-G0082       0.00      0.00      0.00         1
     BlackOasis-G0063       0.33      1.00      0.50         1
      BlackTech-G0098       0.00      0.00      0.00         1
    CobaltGroup-G0080       0.20      1.00      0.33         1
    GorgonGroup-G0078       1.00      1.00      1.00         1
        Kimsuky-G0094       0.00      0.00      0.00         1
   LazarusGroup-G0032       0.00      0.00      0.00         1
     MagicHound-G0059       1.00      1.00      1.00         1
       MoleRats-G0021       0.50      1.00      0.67         1
     MuddyWater-G0069       0.00      0.00      0.00         1
         OilRig-G0049       0.00      0.00      0.00         1
     PittyTiger-G0011       1.00      1.00      1.00         1
   ScarletMimic-G0029       0.00      0.00      0.00         1
        Silence-G0091       0.00      0.00      0.00         1
  SilverTerrier-G0083       0.00      0.00      0.00         1
         SowBug-G0054       1.00      1.00      1.00         1
   StolenPencil-G0086       0.00      0.00      0.00         1
        Suckfly-G0039       0.00      0.00      0.00         1
          TA459-G0062       1.00      1.00      1.00         1
ThreatGroup3390-G0027       0.00      0.00      0.00         1
          Turla-G0010       1.00      1.00      1.00         1
          WIRTE-G0090       1.00      1.00      1.00         1
    WinntiGroup-G0044       0.00      0.00      0.00         1

             accuracy                           0.44        25
            macro avg       0.36      0.44      0.38        25
         weighted avg       0.36      0.44      0.38        25

Confusion Matrix:
[[1 0 0 0 0 0 0 0 0 0 0 0 0 0 0 0 0 0 0 0 0 0 0 0 0]
 [0 0 0 0 0 0 0 0 0 0 0 0 0 0 0 0 1 0 0 0 0 0 0 0 0]
 [0 0 0 0 1 0 0 0 0 0 0 0 0 0 0 0 0 0 0 0 0 0 0 0 0]
 [0 0 0 1 0 0 0 0 0 0 0 0 0 0 0 0 0 0 0 0 0 0 0 0 0]
 [0 0 0 0 0 1 0 0 0 0 0 0 0 0 0 0 0 0 0 0 0 0 0 0 0]
 [0 0 0 0 0 1 0 0 0 0 0 0 0 0 0 0 0 0 0 0 0 0 0 0 0]
 [0 0 0 0 0 0 1 0 0 0 0 0 0 0 0 0 0 0 0 0 0 0 0 0 0]
 [0 0 0 1 0 0 0 0 0 0 0 0 0 0 0 0 0 0 0 0 0 0 0 0 0]
 [0 0 0 0 0 0 0 0 0 0 0 0 0 0 0 0 1 0 0 0 0 0 0 0 0]
 [0 0 0 0 0 0 0 0 0 1 0 0 0 0 0 0 0 0 0 0 0 0 0 0 0]
 [0 0 0 0 0 0 0 0 0 0 1 0 0 0 0 0 0 0 0 0 0 0 0 0 0]
 [0 0 0 0 1 0 0 0 0 0 0 0 0 0 0 0 0 0 0 0 0 0 0 0 0]
 [0 0 0 1 0 0 0 0 0 0 0 0 0 0 0 0 0 0 0 0 0 0 0 0 0]
 [0 0 0 0 0 0 0 0 0 0 0 0 0 1 0 0 0 0 0 0 0 0 0 0 0]
 [0 0 0 0 0 0 0 0 0 0 0 0 0 0 0 0 1 0 0 0 0 0 0 0 0]
 [0 0 0 0 0 1 0 0 0 0 0 0 0 0 0 0 0 0 0 0 0 0 0 0 0]
 [0 0 0 0 0 1 0 0 0 0 0 0 0 0 0 0 0 0 0 0 0 0 0 0 0]
 [0 0 0 0 0 0 0 0 0 0 0 0 0 0 0 0 0 1 0 0 0 0 0 0 0]
 [0 0 0 0 1 0 0 0 0 0 0 0 0 0 0 0 0 0 0 0 0 0 0 0 0]
 [0 0 0 0 1 0 0 0 0 0 0 0 0 0 0 0 0 0 0 0 0 0 0 0 0]
 [0 0 0 0 0 0 0 0 0 0 0 0 0 0 0 0 0 0 0 0 1 0 0 0 0]
 [0 0 0 0 0 0 0 0 0 0 1 0 0 0 0 0 0 0 0 0 0 0 0 0 0]
 [0 0 0 0 0 0 0 0 0 0 0 0 0 0 0 0 0 0 0 0 0 0 1 0 0]
 [0 0 0 0 0 0 0 0 0 0 0 0 0 0 0 0 0 0 0 0 0 0 0 1 0]
 [0 0 0 0 0 1 0 0 0 0 0 0 0 0 0 0 0 0 0 0 0 0 0 0 0]]
